  time (s)              T(t) (K)              P(t) (Pa)           Kinetic En. (n.u.)     Potential En. (n.u.) Total En. (n.u.)
  0.0000e+00   100             0        2283       -10585         -8303 
  5.0000e-15   100             0        2274       -10576         -8303 
  1.0000e-14    99             0        2259       -10562         -8303 
  1.5000e-14    98             0        2238       -10541         -8303 
  2.0000e-14    97             0        2211       -10514         -8303 
  2.5000e-14    96             0        2179       -10481         -8303 
  3.0000e-14    94             0        2141       -10443         -8303 
  3.5000e-14    92             0        2098       -10400         -8303 
  4.0000e-14    90             0        2049       -10352         -8303 
  4.5000e-14    88             0        1996       -10299         -8302 
  5.0000e-14    85             0        1939       -10241         -8302 
  5.5000e-14    82             0        1878       -10180         -8302 
  6.0000e-14    80             0        1814       -10116         -8302 
  6.5000e-14    77             0        1747       -10050         -8302 
  7.0000e-14    74             0        1680        -9982         -8302 
  7.5000e-14    71             0        1612        -9914         -8302 
  8.0000e-14    68             0        1545        -9847         -8302 
  8.5000e-14    65             0        1480        -9782         -8302 
  9.0000e-14    62             0        1418        -9720         -8302 
  9.5000e-14    60             0        1360        -9662         -8302 
  1.0000e-13    57             0        1307        -9609         -8302 
  1.0500e-13    55             0        1260        -9562         -8302 
  1.1000e-13    54             0        1220        -9522         -8302 
  1.1500e-13    52             0        1188        -9490         -8302 
  1.2000e-13    51             0        1163        -9465         -8302 
  1.2500e-13    50             0        1145        -9447         -8302 
  1.3000e-13    50             0        1135        -9437         -8302 
  1.3500e-13    50             0        1133        -9435         -8302 
  1.4000e-13    50             0        1137        -9439         -8302 
  1.4500e-13    50             0        1147        -9449         -8302 
  1.5000e-13    51             0        1162        -9464         -8302 
  1.5500e-13    52             0        1182        -9484         -8302 
  1.6000e-13    53             0        1206        -9508         -8302 
  1.6500e-13    54             0        1232        -9535         -8302 
  1.7000e-13    55             0        1261        -9564         -8302 
  1.7500e-13    57             0        1292        -9594         -8302 
  1.8000e-13    58             0        1323        -9625         -8302 
  1.8500e-13    59             0        1354        -9656         -8302 
  1.9000e-13    61             0        1385        -9687         -8302 
  1.9500e-13    62             0        1415        -9717         -8302 
  2.0000e-13    63             0        1444        -9746         -8302 
  2.0500e-13    65             0        1471        -9774         -8302 
  2.1000e-13    66             0        1497        -9800         -8302 
  2.1500e-13    67             0        1521        -9824         -8302 
  2.2000e-13    68             0        1543        -9846         -8302 
  2.2500e-13    69             0        1564        -9866         -8302 
  2.3000e-13    69             0        1582        -9885         -8302 
  2.3500e-13    70             0        1599        -9902         -8302 
  2.4000e-13    71             0        1615        -9917         -8302 
  2.4500e-13    71             0        1629        -9931         -8302 
  2.5000e-13    72             0        1642        -9945         -8302 
  2.5500e-13    73             0        1654        -9957         -8302 
  2.6000e-13    73             0        1666        -9968         -8302 
  2.6500e-13    74             0        1676        -9978         -8302 
  2.7000e-13    74             0        1686        -9988         -8302 
  2.7500e-13    74             0        1696        -9998         -8302 
  2.8000e-13    75             0        1705       -10007         -8302 
  2.8500e-13    75             0        1714       -10016         -8302 
  2.9000e-13    76             0        1723       -10025         -8302 
  2.9500e-13    76             0        1732       -10034         -8302 
  3.0000e-13    76             0        1741       -10043         -8302 
  3.0500e-13    77             0        1749       -10052         -8302 
  3.1000e-13    77             0        1758       -10061         -8302 
  3.1500e-13    78             0        1767       -10070         -8302 
  3.2000e-13    78             0        1777       -10079         -8302 
  3.2500e-13    78             0        1787       -10089         -8302 
  3.3000e-13    79             0        1797       -10099         -8302 
  3.3500e-13    79             0        1807       -10109         -8302 
  3.4000e-13    80             0        1818       -10120         -8302 
  3.4500e-13    80             0        1830       -10132         -8302 
  3.5000e-13    81             0        1842       -10144         -8302 
  3.5500e-13    81             0        1854       -10156         -8302 
  3.6000e-13    82             0        1867       -10169         -8302 
  3.6500e-13    82             0        1881       -10183         -8302 
  3.7000e-13    83             0        1894       -10197         -8302 
  3.7500e-13    84             0        1909       -10211         -8302 
  3.8000e-13    84             0        1924       -10226         -8302 
  3.8500e-13    85             0        1939       -10241         -8302 
  3.9000e-13    86             0        1955       -10257         -8302 
  3.9500e-13    86             0        1971       -10274         -8302 
  4.0000e-13    87             0        1988       -10290         -8302 
  4.0500e-13    88             0        2005       -10307         -8302 
  4.1000e-13    89             0        2022       -10325         -8302 
  4.1500e-13    89             0        2040       -10342         -8302 
  4.2000e-13    90             0        2057       -10359         -8302 
  4.2500e-13    91             0        2075       -10377         -8302 
  4.3000e-13    92             0        2092       -10394         -8302 
  4.3500e-13    92             0        2109       -10411         -8302 
  4.4000e-13    93             0        2126       -10428         -8302 
  4.4500e-13    94             0        2142       -10444         -8302 
  4.5000e-13    95             0        2158       -10460         -8302 
  4.5500e-13    95             0        2173       -10475         -8302 
  4.6000e-13    96             0        2187       -10489         -8302 
  4.6500e-13    97      80566455        2201       -10503         -8302 
  4.7000e-13    97             0        2213       -10515         -8302 
  4.7500e-13    98             0        2225       -10527         -8302 
  4.8000e-13    98             0        2236       -10538         -8302 
  4.8500e-13    98             0        2246       -10548         -8302 
  4.9000e-13    99             0        2255       -10557         -8302 
  4.9500e-13    99      95268835        2263       -10565         -8302 
  5.0000e-13   100             0        2270       -10572         -8302 
  5.0500e-13   100             0        2276       -10578         -8302 
  5.1000e-13   100             0        2282       -10584         -8302 
  5.1500e-13   100             0        2287       -10589         -8302 
  5.2000e-13   101             0        2292       -10594         -8302 
  5.2500e-13   101             0        2296       -10598         -8302 
  5.3000e-13   101             0        2300       -10602         -8302 
  5.3500e-13   101             0        2303       -10605         -8302 
  5.4000e-13   101             0        2306       -10608         -8302 
  5.4500e-13   101             0        2309       -10611         -8302 
  5.5000e-13   101             0        2311       -10613         -8302 
  5.5500e-13   101             0        2313       -10616         -8302 
  5.6000e-13   102             0        2315       -10617         -8302 
  5.6500e-13   102             0        2317       -10619         -8302 
  5.7000e-13   102      53799051        2318       -10620         -8302 
  5.7500e-13   102             0        2319       -10621         -8302 
  5.8000e-13   102             0        2319       -10621         -8302 
  5.8500e-13   102             0        2319       -10622         -8302 
  5.9000e-13   102             0        2319       -10621         -8302 
  5.9500e-13   102      77449396        2318       -10621         -8302 
  6.0000e-13   102             0        2317       -10620         -8302 
  6.0500e-13   102             0        2316       -10618         -8302 
  6.1000e-13   102             0        2314       -10617         -8302 
  6.1500e-13   101             0        2313       -10615         -8302 
  6.2000e-13   101             0        2311       -10613         -8302 
  6.2500e-13   101      69086968        2309       -10611         -8302 
  6.3000e-13   101     169719622        2307       -10609         -8302 
  6.3500e-13   101      91199546        2305       -10607         -8302 
  6.4000e-13   101     137384071        2303       -10605         -8302 
  6.4500e-13   101      76735451        2302       -10604         -8302 
  6.5000e-13   101     109560410        2301       -10603         -8302 
  6.5500e-13   101     122512432        2300       -10602         -8302 
  6.6000e-13   101             0        2299       -10601         -8302 
  6.6500e-13   101             0        2299       -10601         -8302 
  6.7000e-13   101      98614047        2299       -10601         -8302 
  6.7500e-13   101      86571977        2299       -10601         -8302 
  6.8000e-13   101      54322819        2300       -10602         -8302 
  6.8500e-13   101      62289140        2301       -10603         -8302 
  6.9000e-13   101      76618562        2302       -10604         -8302 
  6.9500e-13   101             0        2303       -10605         -8302 
  7.0000e-13   101             0        2304       -10606         -8302 
  7.0500e-13   101             0        2305       -10607         -8302 
  7.1000e-13   101     138430072        2307       -10609         -8302 
  7.1500e-13   101      79792235        2308       -10610         -8302 
  7.2000e-13   101      57348812        2309       -10611         -8302 
  7.2500e-13   101             0        2310       -10613         -8302 
  7.3000e-13   101             0        2311       -10614         -8302 
  7.3500e-13   101     147148035        2312       -10614         -8302 
  7.4000e-13   101             0        2313       -10615         -8302 
  7.4500e-13   101      52838395        2313       -10615         -8302 
  7.5000e-13   101             0        2313       -10615         -8302 
  7.5500e-13   101      50516908        2313       -10615         -8302 
  7.6000e-13   101     114339279        2312       -10614         -8302 
  7.6500e-13   101     184631261        2311       -10613         -8302 
  7.7000e-13   101      57776516        2309       -10612         -8302 
  7.7500e-13   101     261873561        2308       -10610         -8302 
  7.8000e-13   101     111702883        2305       -10608         -8302 
  7.8500e-13   101             0        2303       -10605         -8302 
  7.9000e-13   101             0        2300       -10602         -8302 
  7.9500e-13   101      83019196        2296       -10598         -8302 
  8.0000e-13   101      64577223        2292       -10594         -8302 
  8.0500e-13   100      62810833        2288       -10590         -8302 
  8.1000e-13   100     122078755        2283       -10585         -8302 
  8.1500e-13   100     115408330        2278       -10580         -8302 
  8.2000e-13   100             0        2273       -10575         -8302 
  8.2500e-13    99      26846668        2267       -10569         -8302 
  8.3000e-13    99      44404458        2262       -10564         -8302 
  8.3500e-13    99      49059254        2256       -10559         -8302 
  8.4000e-13    99      99933044        2251       -10553         -8302 
  8.4500e-13    99      47292423        2246       -10548         -8302 
  8.5000e-13    98             0        2241       -10544         -8302 
  8.5500e-13    98             0        2237       -10539         -8302 
  8.6000e-13    98             0        2233       -10535         -8302 
  8.6500e-13    98             0        2230       -10532         -8302 
  8.7000e-13    98      27105749        2226       -10529         -8302 
  8.7500e-13    98             0        2224       -10526         -8302 
  8.8000e-13    97             0        2222       -10524         -8302 
  8.8500e-13    97      50645482        2221       -10523         -8302 
  8.9000e-13    97             0        2220       -10523         -8302 
  8.9500e-13    97             0        2221       -10523         -8302 
  9.0000e-13    97             0        2222       -10524         -8302 
  9.0500e-13    98      71491585        2223       -10525         -8302 
  9.1000e-13    98      94023930        2225       -10528         -8302 
  9.1500e-13    98      47027354        2228       -10530         -8302 
  9.2000e-13    98             0        2231       -10533         -8302 
  9.2500e-13    98             0        2235       -10537         -8302 
  9.3000e-13    98      42413693        2238       -10541         -8302 
  9.3500e-13    98      46311857        2242       -10544         -8302 
  9.4000e-13    99      56887067        2246       -10548         -8302 
  9.4500e-13    99     132530723        2250       -10552         -8302 
  9.5000e-13    99      61576797        2254       -10556         -8302 
  9.5500e-13    99      41687655        2257       -10559         -8302 
  9.6000e-13    99      73269341        2260       -10562         -8302 
  9.6500e-13    99             0        2263       -10565         -8302 
  9.7000e-13    99      59939527        2265       -10567         -8302 
  9.7500e-13    99      65573467        2267       -10569         -8302 
  9.8000e-13    99     133280966        2268       -10570         -8302 
  9.8500e-13   100      67927503        2269       -10571         -8302 
  9.9000e-13   100             0        2269       -10572         -8302 
  9.9500e-13   100     118618070        2270       -10572         -8302 
  1.0000e-12   100             0        2269       -10572         -8302 
