  time (s)              T(t) (K)              P(t) (Pa)           Kinetic En. (n.u.)     Potential En. (n.u.) Total En. (n.u.)
  0.0000e+00           99.82304616            0.00000000        2276.12983954       -10585.49357786        -8309.36373832 
  5.0000e-15           99.43006643            0.00000000        2267.16925470       -10576.53264351        -8309.36338882 
  1.0000e-14           98.77588380            0.00000000        2252.25281323       -10561.61494997        -8309.36213674 
  1.5000e-14           97.86274191            0.00000000        2231.43167453       -10540.79134645        -8309.35967192 
  2.0000e-14           96.69420692            0.00000000        2204.78715238       -10514.14270520        -8309.35555282 
  2.5000e-14           95.27544708            0.00000000        2172.43709170       -10481.78629752        -8309.34920582 
  3.0000e-14           93.61359318            0.00000000        2134.54408609       -10443.88401533        -8309.33992924 
  3.5000e-14           91.71817531            0.00000000        2091.32543719       -10400.65234325        -8309.32690607 
  4.0000e-14           89.60162563            0.00000000        2043.06461894       -10352.37384986        -8309.30923092 
  4.5000e-14           87.27982724            0.00000000        1990.12379217       -10299.40975028        -8309.28595811 
  5.0000e-14           84.77267539            0.00000000        1932.95660142       -10242.21277950        -8309.25617808 
  5.5000e-14           82.10459940            0.00000000        1872.12007501       -10181.33920269        -8309.21912768 
  6.0000e-14           79.30497260            0.00000000        1808.28397361       -10117.45830762        -8309.17433401 
  6.5000e-14           76.40831815            0.00000000        1742.23548195       -10051.35726225        -8309.12178029 
  7.0000e-14           73.45420664            0.00000000        1674.87687468        -9983.93894136        -8309.06206667 
  7.5000e-14           70.48674794            0.00000000        1607.21392950        -9916.21045304        -8308.99652354 
  8.0000e-14           67.55361228            0.00000000        1540.33360634        -9849.26083589        -8308.92722955 
  8.5000e-14           64.70457698            0.00000000        1475.37090963        -9784.22781087        -8308.85690124 
  9.0000e-14           61.98967523            0.00000000        1413.46667893        -9722.25533560        -8308.78865667 
  9.5000e-14           59.45710104            0.00000000        1355.71981680        -9664.44551456        -8308.72569776 
  1.0000e-13           57.15107350            0.00000000        1303.13859138        -9611.80957361        -8308.67098224 
  1.0500e-13           55.10987046            0.00000000        1256.59580053        -9565.22275063        -8308.62695010 
  1.1000e-13           53.36420805            0.00000000        1216.79182305        -9525.38716317        -8308.59534013 
  1.1500e-13           51.93608655            0.00000000        1184.22830089        -9492.80540078        -8308.57709989 
  1.2000e-13           50.83816250            0.00000000        1159.19382452        -9467.76620125        -8308.57237673 
  1.2500e-13           50.07365433            0.00000000        1141.76177931        -9450.34235417        -8308.58057486 
  1.3000e-13           49.63674418            0.00000000        1131.79950848        -9440.39997455        -8308.60046607 
  1.3500e-13           49.51340384            0.00000000        1128.98714557        -9437.61748557        -8308.63034000 
  1.4000e-13           49.68254684            0.00000000        1132.84388447        -9441.51205994        -8308.66817547 
  1.4500e-13           50.11739509            0.00000000        1142.75914071        -9451.47095266        -8308.71181195 
  1.5000e-13           50.78694778            0.00000000        1158.02604452        -9466.78514666        -8308.75910214 
  1.5500e-13           51.65745157            0.00000000        1177.87496458        -9486.68299762        -8308.80803304 
  1.6000e-13           52.69379097            0.00000000        1201.50520949        -9510.36201952        -8308.85681003 
  1.6500e-13           53.86074066            0.00000000        1228.11358424        -9537.01748985        -8308.90390562 
  1.7000e-13           55.12404482            0.00000000        1256.91899934        -9565.86707753        -8308.94807819 
  1.7500e-13           56.45130757            0.00000000        1287.18277572        -9596.17114416        -8308.98836845 
  1.8000e-13           57.81269408            0.00000000        1318.22463025        -9627.24871117        -8309.02408092 
  1.8500e-13           59.18145184            0.00000000        1349.43456110        -9658.48931817        -8309.05475708 
  1.9000e-13           60.53426772            0.00000000        1380.28099101        -9689.36113621        -8309.08014520 
  1.9500e-13           61.85147952            0.00000000        1410.31558916        -9719.41575998        -8309.10017082 
  2.0000e-13           63.11716037            0.00000000        1439.17519682        -9748.29010718        -8309.11491036 
  2.0500e-13           64.31909323            0.00000000        1466.58124537        -9775.70581507        -8309.12456970 
  2.1000e-13           65.44864973            0.00000000        1492.33699374        -9801.46646190        -8309.12946816 
  2.1500e-13           66.50058459            0.00000000        1516.32284083        -9825.45286817        -8309.13002734 
  2.2000e-13           67.47275411            0.00000000        1538.48990685        -9847.61666967        -8309.12676281 
  2.2500e-13           68.36576579            0.00000000        1558.85204371        -9867.97231903        -8309.12027532 
  2.3000e-13           69.18256663            0.00000000        1577.47644798        -9886.58768541        -8309.11123743 
  2.3500e-13           69.92798097            0.00000000        1594.47312241        -9903.57349372        -8309.10037132 
  2.4000e-13           70.60821430            0.00000000        1609.98356256        -9919.07197715        -8309.08841459 
  2.4500e-13           71.23034709            0.00000000        1624.16921476        -9933.24528903        -8309.07607427 
  2.5000e-13           71.80184970            0.00000000        1637.20041531        -9946.26438871        -8309.06397340 
  2.5500e-13           72.33015357            0.00000000        1649.24661358        -9958.29921326        -8309.05259969 
  2.6000e-13           72.82231203            0.00000000        1660.46863708        -9969.51090578        -8309.04226871 
  2.6500e-13           73.28477426            0.00000000        1671.01353751        -9980.04664991        -8309.03311240 
  2.7000e-13           73.72327989            0.00000000        1681.01218789        -9990.03728532        -8309.02509742 
  2.7500e-13           74.14286289            0.00000000        1690.57937129        -9999.59744019        -8309.01806890 
  2.8000e-13           74.54793734            0.00000000        1699.81573590       -10008.82754346        -8309.01180756 
  2.8500e-13           74.94242885            0.00000000        1708.81079189       -10017.81687768        -8309.00608578 
  2.9000e-13           75.32991569            0.00000000        1717.64612997       -10026.64684085        -8309.00071088 
  2.9500e-13           75.71375125            0.00000000        1726.39821291       -10035.39376314        -8308.99555023 
  3.0000e-13           76.09715048            0.00000000        1735.14034665       -10044.13088541        -8308.99053875 
  3.0500e-13           76.48323420            0.00000000        1743.94369135       -10052.92936462        -8308.98567327 
  3.1000e-13           76.87503393            0.00000000        1752.87737024       -10061.85836926        -8308.98099902 
  3.1500e-13           77.27546492            0.00000000        1762.00785636       -10070.98444927        -8308.97659291 
  3.2000e-13           77.68727807            0.00000000        1771.39787419       -10080.37042064        -8308.97254644 
  3.2500e-13           78.11300133            0.00000000        1781.10506558       -10090.07401539        -8308.96894981 
  3.3000e-13           78.55488125            0.00000000        1791.18065554       -10100.14653351        -8308.96587797 
  3.3500e-13           79.01483354            0.00000000        1801.66832530       -10110.63170478        -8308.96337948 
  3.4000e-13           79.49441007            0.00000000        1812.60345986       -10121.56492851        -8308.96146865 
  3.4500e-13           79.99478732            0.00000000        1824.01288521       -10132.97300740        -8308.96012219 
  3.5000e-13           80.51677849            0.00000000        1835.91514341       -10144.87442471        -8308.95928130 
  3.5500e-13           81.06086767            0.00000000        1848.32127264       -10157.28013259        -8308.95885995 
  3.6000e-13           81.62726072            0.00000000        1861.23596709       -10170.19472678        -8308.95875969 
  3.6500e-13           82.21594329            0.00000000        1874.65889908       -10183.61778910        -8308.95889002 
  3.7000e-13           82.82673286            0.00000000        1888.58590710       -10197.54509913        -8308.95919203 
  3.7500e-13           83.45931027            0.00000000        1903.00971385       -10211.96937456        -8308.95966072 
  3.8000e-13           84.11321706            0.00000000        1917.91986540       -10226.88022489        -8308.96035949 
  3.8500e-13           84.78781035            0.00000000        1933.30170323       -10242.26312306        -8308.96141984 
  3.9000e-13           85.48217664            0.00000000        1949.13439817       -10258.09741938        -8308.96302122 
  3.9500e-13           86.19501797            0.00000000        1965.38835444       -10274.35370681        -8308.96535237 
  4.0000e-13           86.92453509            0.00000000        1982.02254614       -10290.99110940        -8308.96856326 
  4.0500e-13           87.66833770            0.00000000        1998.98247048       -10307.95519340        -8308.97272293 
  4.1000e-13           88.42340776            0.00000000        2016.19931123       -10325.17710943        -8308.97779820 
  4.1500e-13           89.18612896            0.00000000        2033.59061080       -10342.57427145        -8308.98366065 
  4.2000e-13           89.95237821            0.00000000        2051.06235556       -10360.05247284        -8308.99011728 
  4.2500e-13           90.71766009            0.00000000        2068.51204267       -10377.50899460        -8308.99695193 
  4.3000e-13           91.47725861            0.00000000        2085.83213973       -10394.83610178        -8309.00396206 
  4.3500e-13           92.22638261            0.00000000        2102.91340049       -10411.92438096        -8309.01098048 
  4.4000e-13           92.96029019            0.00000000        2119.64770206       -10428.66558133        -8309.01787927 
  4.4500e-13           93.67438850            0.00000000        2135.93031935       -10444.95487834        -8309.02455899 
  4.5000e-13           94.36431427            0.00000000        2151.66176310       -10460.69269297        -8309.03092987 
  4.5500e-13           95.02600622            0.00000000        2166.74942933       -10475.78632135        -8309.03689203 
  4.6000e-13           95.65578087            0.00000000        2181.10932840       -10490.15164920        -8309.04232080 
  4.6500e-13           96.25042055     80467840.79271349        2194.66809242       -10503.71515430        -8309.04706188 
  4.7000e-13           96.80826945            0.00000000        2207.38796602       -10516.43892293        -8309.05095691 
  4.7500e-13           97.32621046            0.00000000        2219.19787390       -10528.25168401        -8309.05381011 
  4.8000e-13           97.80305792            0.00000000        2230.07078115       -10539.12625321        -8309.05547206 
  4.8500e-13           98.23850517            0.00000000        2239.99969554       -10549.05555292        -8309.05585738 
  4.9000e-13           98.63316825            0.00000000        2248.99866378       -10558.05364061        -8309.05497683 
  4.9500e-13           98.98856603     94972998.72779407        2257.10231853       -10566.15527595        -8309.05295742 
  5.0000e-13           99.30766187            0.00000000        2264.37822905       -10573.42827573        -8309.05004668 
  5.0500e-13           99.59277114            0.00000000        2270.87918988       -10579.92576435        -8309.04657447 
  5.1000e-13           99.84726944            0.00000000        2276.68217023       -10585.72509473        -8309.04292450 
  5.1500e-13          100.07468522            0.00000000        2281.86762457       -10590.90709619        -8309.03947162 
  5.2000e-13          100.27844744            0.00000000        2286.51373863       -10595.55026704        -8309.03652842 
  5.2500e-13          100.46167271            0.00000000        2290.69157652       -10599.72588647        -8309.03430995 
  5.3000e-13          100.62701459            0.00000000        2294.46164378       -10603.49456902        -8309.03292524 
  5.3500e-13          100.77658119            0.00000000        2297.87200859       -10606.90440247        -8309.03239388 
  5.4000e-13          100.91191187            0.00000000        2300.95777090       -10609.99044792        -8309.03267702 
  5.4500e-13          101.03399489            0.00000000        2303.74146487       -10612.77517229        -8309.03370742 
  5.5000e-13          101.14330778            0.00000000        2306.23397878       -10615.26938546        -8309.03540668 
  5.5500e-13          101.23986948            0.00000000        2308.43574448       -10617.47342938        -8309.03768490 
  5.6000e-13          101.32330360            0.00000000        2310.33817975       -10619.37860693        -8309.04042718 
  5.6500e-13          101.39291989            0.00000000        2311.92554595       -10620.96902260        -8309.04347665 
  5.7000e-13          101.44782303     53725445.42242616        2313.17742791       -10622.22405323        -8309.04662532 
  5.7500e-13          101.48814275            0.00000000        2314.09678401       -10623.14640650        -8309.04962249 
  5.8000e-13          101.51191970            0.00000000        2314.63893746       -10623.69113192        -8309.05219446 
  5.8500e-13          101.51857558            0.00000000        2314.79070253       -10623.84478727        -8309.05408474 
  5.9000e-13          101.50797665            0.00000000        2314.54902960       -10623.60412372        -8309.05509412 
  5.9500e-13          101.48056058     77381903.00105317        2313.92389799       -10622.97901233        -8309.05511434 
  6.0000e-13          101.43933409            0.00000000        2312.98386605       -10622.03811053        -8309.05424448 
  6.0500e-13          101.38373260            0.00000000        2311.71606065       -10620.76856642        -8309.05250576 
  6.1000e-13          101.31597197            0.00000000        2310.17100659       -10619.22109533        -8309.05008874 
  6.1500e-13          101.23869804            0.00000000        2308.40903375       -10617.45626550        -8309.04723174 
  6.2000e-13          101.15482752            0.00000000        2306.49664772       -10615.54082968        -8309.04418196 
  6.2500e-13          101.06738109     68892508.72990613        2304.50272520       -10613.54388797        -8309.04116276 
  6.3000e-13          100.98235937    169562217.57480672        2302.56409000       -10611.60245215        -8309.03836215 
  6.3500e-13          100.90171504     91051991.64620265        2300.72526642       -10609.76125081        -8309.03598439 
  6.4000e-13          100.83013437    137291796.43553945        2299.09310925       -10608.12715759        -8309.03404834 
  6.4500e-13          100.76933384     76790530.79178254        2297.70675696       -10606.73938123        -8309.03262427 
  6.5000e-13          100.71870633            0.00000000        2296.55236643       -10605.58409641        -8309.03172998 
  6.5500e-13          100.67788021    174120187.50645852        2295.62146378       -10604.65283771        -8309.03137394 
  6.6000e-13          100.65335634     55952001.33696832        2295.06227904       -10604.09386548        -8309.03158643 
  6.6500e-13          100.64095823            0.00000000        2294.77958165       -10603.81193502        -8309.03235337 
  6.7000e-13          100.63944682            0.00000000        2294.74511908       -10603.77871586        -8309.03359677 
  6.7500e-13          100.64844831    184333714.88951665        2294.95036799       -10603.98561732        -8309.03524933 
  6.8000e-13          100.67252935     54293960.88431114        2295.49945517       -10604.53676540        -8309.03731023 
  6.8500e-13          100.70772319            0.00000000        2296.30193266       -10605.34155876        -8309.03962610 
  6.9000e-13          100.75021744    138303134.85529289        2297.27087154       -10606.31297892        -8309.04210738 
  6.9500e-13          100.80102808            0.00000000        2298.42943787       -10607.47426063        -8309.04482277 
  7.0000e-13          100.85562072            0.00000000        2299.67424003       -10608.72184712        -8309.04760708 
  7.0500e-13          100.91232226            0.00000000        2300.96712839       -10610.01756580        -8309.05043741 
  7.1000e-13          100.96940922     93534525.90596655        2302.26880509       -10611.32210924        -8309.05330415 
  7.1500e-13          101.02759652     44072793.52679982        2303.59557150       -10612.65183618        -8309.05626469 
  7.2000e-13          101.08391338    136421853.71470913        2304.87968870       -10613.93895125        -8309.05926255 
  7.2500e-13          101.13807978            0.00000000        2306.11477175       -10615.17706730        -8309.06229555 
  7.3000e-13          101.18517317            0.00000000        2307.18857854       -10616.25392670        -8309.06534817 
  7.3500e-13          101.22338099    146989078.74298951        2308.05977976       -10617.12819387        -8309.06841411 
  7.4000e-13          101.25333019            0.00000000        2308.74267088       -10617.81421444        -8309.07154356 
  7.4500e-13          101.27058257            0.00000000        2309.13605347       -10618.21072109        -8309.07466762 
  7.5000e-13          101.27339646     52543282.45657455        2309.20021476       -10618.27796693        -8309.07775217 
  7.5500e-13          101.26078631     50478875.56357400        2308.91268274       -10617.99341625        -8309.08073351 
  7.6000e-13          101.23304464    114192522.87103917        2308.28012701       -10617.36364250        -8309.08351550 
  7.6500e-13          101.18987232    184462270.03999579        2307.29572687       -10616.38172869        -8309.08600182 
  7.7000e-13          101.13258705     57767040.79904314        2305.98952838       -10615.07762436        -8309.08809599 
  7.7500e-13          101.05589851    172816247.22602510        2304.24090342       -10613.33054659        -8309.08964317 
  7.8000e-13          100.95946799    199581971.05128181        2302.04212876       -10611.13273331        -8309.09060455 
  7.8500e-13          100.84482290            0.00000000        2299.42803193       -10608.51892704        -8309.09089510 
  7.9000e-13          100.70813257            0.00000000        2296.31126733       -10605.40172854        -8309.09046121 
  7.9500e-13          100.55048554     82852587.33577196        2292.71665534       -10601.80597758        -8309.08932223 
  8.0000e-13          100.37641283     64663370.56569747        2288.74751090       -10597.83503069        -8309.08751979 
  8.0500e-13          100.18676613     62818096.02548302        2284.42325393       -10593.50839166        -8309.08513773 
  8.1000e-13           99.98466180     40673745.13707992        2279.81494242       -10588.89722015        -8309.08227773 
  8.1500e-13           99.77160875    145899561.29021934        2274.95698186       -10584.03602101        -8309.07903915 
  8.2000e-13           99.53636549     52575189.96368102        2269.59304820       -10578.66796166        -8309.07491346 
  8.2500e-13           99.29634768     26785077.41032305        2264.12024679       -10573.19088863        -8309.07064183 
  8.3000e-13           99.05395837     44394650.13588229        2258.59337151       -10567.65978612        -8309.06641461 
  8.3500e-13           98.81438787     48920596.85750405        2253.13076963       -10562.19315909        -8309.06238946 
  8.4000e-13           98.58042596     99841331.50920299        2247.79605270       -10556.85471302        -8309.05866033 
  8.4500e-13           98.35924710     47265490.83402514        2242.75281058       -10551.80804777        -8309.05523719 
  8.5000e-13           98.15077812            0.00000000        2237.99937443       -10547.05142053        -8309.05204610 
  8.5500e-13           97.95611074            0.00000000        2233.56063765       -10542.60958001        -8309.04894236 
  8.6000e-13           97.77808469            0.00000000        2229.50135040       -10538.54713234        -8309.04578195 
  8.6500e-13           97.61951263            0.00000000        2225.88564639       -10534.92812883        -8309.04248243 
  8.7000e-13           97.48321955            0.00000000        2222.77793981       -10531.81703302        -8309.03909321 
  8.7500e-13           97.37199807     26645073.59459301        2220.24190670       -10529.27774492        -8309.03583823 
  8.8000e-13           97.28906348            0.00000000        2218.35086147       -10527.38396956        -8309.03310809 
  8.8500e-13           97.23593336            0.00000000        2217.13940730       -10526.17077603        -8309.03136873 
  8.9000e-13           97.21403968     50761698.24192362        2216.64019533       -10525.67124170        -8309.03104638 
  8.9500e-13           97.22311588            0.00000000        2216.84714765       -10525.87950649        -8309.03235884 
  9.0000e-13           97.26306066            0.00000000        2217.75795453       -10526.79328959        -8309.03533506 
  9.0500e-13           97.33200724     31399035.52522535        2219.33005000       -10528.36978115        -8309.03973115 
  9.1000e-13           97.42757435    134108345.84832597        2221.50913750       -10530.55428081        -8309.04514331 
  9.1500e-13           97.54394799     46993105.59797378        2224.16264819       -10533.21374743        -8309.05109924 
  9.2000e-13           97.68010371            0.00000000        2227.26722280       -10536.32451955        -8309.05729674 
  9.2500e-13           97.83010423            0.00000000        2230.68748176       -10539.75096274        -8309.06348098 
  9.3000e-13           97.98964495     42377817.22695465        2234.32527282       -10543.39479275        -8309.06951992 
  9.3500e-13           98.15601336     46175612.27357855        2238.11874653       -10547.19409431        -8309.07534778 
  9.4000e-13           98.32458173     56844353.03844455        2241.96238289       -10551.04327218        -8309.08088929 
  9.4500e-13           98.49288488    131755971.20858163        2245.79997201       -10554.88602590        -8309.08605389 
  9.5000e-13           98.65158718     61568287.06432211        2249.41864578       -10558.50937194        -8309.09072615 
  9.5500e-13           98.80114201     41643130.79507510        2252.82874216       -10561.92345702        -8309.09471487 
  9.6000e-13           98.93896752     73259641.78394872        2255.97139073       -10565.06929639        -8309.09790567 
  9.6500e-13           99.05403978            0.00000000        2258.59522784       -10567.69544860        -8309.10022076 
  9.7000e-13           99.15223552     59873855.60276596        2260.83425230       -10569.93595180        -8309.10169950 
  9.7500e-13           99.22818458     65545500.69834920        2262.56601593       -10571.66836931        -8309.10235338 
  9.8000e-13           99.28729817    133043291.21244264        2263.91390326       -10573.01617832        -8309.10227506 
  9.8500e-13           99.33267685     67949306.32187471        2264.94861178       -10574.05013615        -8309.10152438 
  9.9000e-13           99.35825602            0.00000000        2265.53185893       -10574.63207488        -8309.10021595 
  9.9500e-13           99.36543759    118461652.35064226        2265.69561064       -10574.79385792        -8309.09824727 
  1.0000e-12           99.35960474            0.00000000        2265.56261202       -10574.65824634        -8309.09563432 
