  time (s)              T(t) (K)              P(t) (Pa)           Kinetic En. (n.u.)     Potential En. (n.u.) Total En. (n.u.)
  2.5500e-13    93             0        2121       -10540         -8419 
  7.5500e-13    93             0        2121       -10539         -8418 
  0.0000e+00    93             0        2121       -10524         -8403 
  5.0500e-13    93             0        2121       -10523         -8402 
  2.6000e-13    79             0        1809       -10407         -8598 
  7.6000e-13    79             0        1809       -10400         -8591 
  5.0000e-15    79             0        1809       -10368         -8559 
  5.1000e-13    79             0        1809       -10367         -8558 
  2.6500e-13    71             0        1622       -10229         -8607 
  7.6500e-13    67             0        1538       -10205         -8668 
  1.0000e-14    66             0        1511       -10138         -8627 
  5.1500e-13    66             0        1511       -10130         -8619 
  2.7000e-13    62             0        1406       -10031         -8625 
  7.7000e-13    62             0        1406       -10004         -8597 
  1.5000e-14    57             0        1300        -9939         -8639 
  5.2000e-13    57             0        1300        -9937         -8637 
  2.7500e-13    53             0        1215        -9857         -8642 
  7.7500e-13    53             0        1215        -9847         -8632 
  2.0000e-14    50             0        1142        -9793         -8652 
  5.2500e-13    50             0        1142        -9793         -8651 
  2.8000e-13    48             0        1104        -9752         -8648 
  7.8000e-13    48             0        1104        -9750         -8646 
  2.5000e-14    48             0        1084        -9728         -8644 
  5.3000e-13    48             0        1084        -9728         -8644 
  2.8500e-13    48             0        1092        -9731         -8639 
  7.8500e-13    48             0        1092        -9733         -8642 
  3.0000e-14    49             0        1117        -9744         -8627 
  5.3500e-13    49             0        1117        -9745         -8628 
  2.9000e-13    51             0        1153        -9779         -8626 
  7.9000e-13    51             0        1153        -9782         -8629 
  3.5000e-14    53             0        1199        -9813         -8614 
  5.4000e-13    53             0        1199        -9817         -8618 
  2.9500e-13    55             0        1250        -9860         -8610 
  7.9500e-13    55             0        1250        -9860         -8610 
  4.0000e-14    57             0        1300        -9901         -8601 
  5.4500e-13    57             0        1300        -9907         -8607 
  8.0000e-13    59             0        1351        -9946         -8594 
  3.0000e-13    59             0        1351        -9946         -8594 
  4.5000e-14    61             0        1391        -9983         -8592 
  5.5000e-13    61             0        1391        -9987         -8595 
  8.0500e-13    63             0        1436       -10016         -8579 
  3.0500e-13    63             0        1436       -10017         -8580 
  5.0000e-14    64             0        1469       -10048         -8578 
  5.5500e-13    64             0        1469       -10050         -8581 
  8.1000e-13    66             0        1498       -10071         -8574 
  3.1000e-13    66             0        1498       -10072         -8574 
  5.5000e-14    67             0        1523       -10096         -8573 
  5.6000e-13    67             0        1523       -10097         -8574 
  8.1500e-13    68             0        1544       -10114         -8569 
  3.1500e-13    68             0        1544       -10114         -8570 
  6.0000e-14    69             0        1565       -10134         -8569 
  5.6500e-13    69             0        1565       -10135         -8569 
  8.2000e-13    69             0        1584       -10149         -8566 
  3.2000e-13    69             0        1584       -10150         -8566 
  6.5000e-14    70             0        1602       -10168         -8565 
  5.7000e-13    70             0        1602       -10168         -8566 
  8.2500e-13    71             0        1621       -10183         -8562 
  3.2500e-13    71             0        1621       -10184         -8562 
  7.0000e-14    72             0        1643       -10202         -8559 
  5.7500e-13    72             0        1643       -10202         -8559 
  8.3000e-13    73             0        1665       -10220         -8555 
  3.3000e-13    73             0        1665       -10222         -8557 
  7.5000e-14    74             0        1692       -10242         -8550 
  5.8000e-13    74             0        1692       -10243         -8551 
  8.3500e-13    75             0        1720       -10265         -8545 
  3.3500e-13    75             0        1720       -10266         -8546 
  8.0000e-14    77             0        1752       -10290         -8537 
  5.8500e-13    77             0        1752       -10291         -8539 
  8.4000e-13    78             0        1789       -10317         -8528 
  3.4000e-13    78             0        1789       -10318         -8530 
  8.5000e-14    80             0        1826       -10346         -8520 
  5.9000e-13    80             0        1826       -10348         -8522 
  8.4500e-13    82             0        1867       -10376         -8509 
  3.4500e-13    82             0        1867       -10377         -8510 
  9.0000e-14    84             0        1908       -10408         -8500 
  5.9500e-13    84             0        1908       -10412         -8504 
  8.5000e-13    86             0        1951       -10440         -8488 
  3.5000e-13    86             0        1951       -10442         -8491 
  9.5000e-14    87             0        1992       -10473         -8481 
  6.0000e-13    87             0        1992       -10476         -8484 
  8.5500e-13    89             0        2032       -10504         -8472 
  3.5500e-13    89             0        2032       -10506         -8474 
  1.0000e-13    91             0        2067       -10536         -8469 
  6.0500e-13    91             0        2067       -10539         -8472 
  8.6000e-13    92             0        2100       -10564         -8463 
  3.6000e-13    92             0        2100       -10565         -8465 
  1.0500e-13    93             0        2132       -10592         -8460 
  6.1000e-13    93             0        2132       -10594         -8463 
  8.6500e-13    95             0        2160       -10617         -8457 
  3.6500e-13    95             0        2160       -10618         -8458 
  1.1000e-13    96             0        2185       -10641         -8456 
  6.1500e-13    96             0        2185       -10644         -8459 
  8.7000e-13    97             0        2210       -10661         -8451 
  3.7000e-13    97             0        2210       -10662         -8452 
  1.1500e-13    98      75606990        2232       -10683         -8451 
  6.2000e-13    98      75606990        2232       -10686         -8454 
  8.7500e-13    99      75547890        2251       -10700         -8449 
  3.7500e-13    99      75547890        2251       -10701         -8451 
  1.2000e-13   100      75488147        2269       -10719         -8450 
  6.2500e-13   100      75488147        2269       -10721         -8452 
  8.8000e-13   100     158270413        2283       -10732         -8449 
  3.8000e-13   100     158270413        2283       -10734         -8451 
  1.2500e-13   101     158018099        2297       -10747         -8450 
  6.3000e-13   101     158018099        2297       -10748         -8451 
  8.8500e-13   101     157747497        2307       -10756         -8449 
  3.8500e-13   101     157747497        2307       -10757         -8450 
  1.3000e-13   102     157463332        2316       -10766         -8449 
  6.3500e-13   102     157463332        2316       -10768         -8452 
  8.9000e-13   102     157158198        2320       -10769         -8449 
  3.9000e-13   102     157158198        2320       -10770         -8450 
  1.3500e-13   102     156837298        2325       -10774         -8449 
  6.4000e-13   102     156837298        2325       -10776         -8450 
  8.9500e-13   102     156500016        2324       -10773         -8448 
  3.9500e-13   102     156500016        2324       -10773         -8449 
  1.4000e-13   102     156142887        2327       -10775         -8448 
  6.4500e-13   102     156142887        2327       -10776         -8449 
  9.0000e-13   102     232493623        2324       -10771         -8447 
  4.0000e-13   102     232493623        2324       -10772         -8448 
  1.4500e-13   102     231360901        2325       -10772         -8447 
  6.5000e-13   102     231360901        2325       -10772         -8447 
  9.0500e-13   102     322977957        2322       -10768         -8446 
  4.0500e-13   102     322977957        2322       -10769         -8447 
  1.5000e-13   102     553110542        2324       -10769         -8445 
  6.5500e-13   102     553110542        2324       -10770         -8445 
  9.1000e-13   102     551029403        2324       -10766         -8442 
  4.1000e-13   102     551029403        2324       -10766         -8442 
  1.5500e-13   102     604635255        2328       -10768         -8440 
  6.6000e-13   102     604635255        2328       -10769         -8441 
  9.1500e-13   102     659118919        2330       -10766         -8437 
  4.1500e-13   102     659118919        2330       -10766         -8437 
  1.6000e-13   102     745060798        2335       -10768         -8433 
  6.6500e-13   102     745060798        2335       -10769         -8434 
  4.2000e-13   102     867297411        2337       -10767         -8430 
  9.2000e-13   103     857655613        2344       -10772         -8428 
  1.6500e-13   103     866426463        2355       -10777         -8422 
  6.7000e-13   103     866426463        2355       -10777         -8422 
  4.2500e-13   103     908632792        2352       -10776         -8424 
  9.2500e-13   103    1033882100        2351       -10775         -8424 
  1.7000e-13   103     866404704        2349       -10773         -8424 
  6.7500e-13   103     866404704        2349       -10773         -8424 
  4.3000e-13   103     859632831        2347       -10766         -8419 
  9.3000e-13   103     911661211        2340       -10758         -8418 
  1.7500e-13   102     999099218        2326       -10750         -8424 
  6.8000e-13   102     989785483        2324       -10749         -8425 
  4.3500e-13   102     989785483        2324       -10744         -8420 
  9.3500e-13   102     946110768        2318       -10731         -8413 
  1.8000e-13   101     888799422        2298       -10719         -8421 
  6.8500e-13   101     854400682        2293       -10717         -8424 
  4.4000e-13   100     953785743        2288       -10712         -8424 
  9.4000e-13   100     953785743        2288       -10712         -8423 
  1.8500e-13   100     987290535        2271       -10695         -8424 
  6.9000e-13   100     987290535        2271       -10692         -8421 
  4.4500e-13    99    1225729357        2256       -10684         -8427 
  9.4500e-13    99    1225729357        2256       -10683         -8427 
  1.9000e-13    99    1393884860        2251       -10678         -8428 
  6.9500e-13    99    1393884860        2251       -10677         -8427 
  4.5000e-13    98    1576150355        2244       -10672         -8428 
  9.5000e-13    98    1576150355        2244       -10671         -8427 
  1.9500e-13    99    1650262644        2248       -10676         -8428 
  7.0000e-13    99    1650262644        2248       -10677         -8429 
  4.5500e-13    99    1644287711        2249       -10674         -8425 
  9.5500e-13    99    1644287711        2249       -10674         -8425 
  2.0000e-13    99    1738159929        2257       -10682         -8425 
  7.0500e-13    99    1738159929        2257       -10682         -8425 
  4.6000e-13    99    1776976566        2260       -10682         -8421 
  9.6000e-13    99    1776976566        2260       -10681         -8421 
  2.0500e-13   100    1813071848        2269       -10689         -8420 
  7.1000e-13   100    1813071848        2269       -10688         -8419 
  4.6500e-13   100    1887982937        2271       -10687         -8417 
  9.6500e-13   100    1887982937        2271       -10687         -8416 
  2.1000e-13   100    1909433679        2279       -10692         -8414 
  7.1500e-13   100    1909433679        2279       -10692         -8414 
  4.7000e-13   100    1901003975        2279       -10689         -8410 
  9.7000e-13   100    1901003975        2279       -10689         -8410 
  2.1500e-13   100    1925075107        2288       -10692         -8405 
  7.2000e-13   100    1925075107        2288       -10692         -8405 
  4.7500e-13   100    2146179705        2290       -10689         -8399 
  9.7500e-13   100    2146179705        2290       -10690         -8399 
  2.2000e-13   101    2207090383        2301       -10693         -8392 
  7.2500e-13   101    2207090383        2301       -10694         -8393 
  4.8000e-13   103    2236863608        2341       -10691         -8350 
  9.8000e-13   103    2236863608        2341       -10691         -8350 
  2.2500e-13   103    2236863608        2341       -10702         -8360 
  7.3000e-13   103    2236863608        2341       -10707         -8365 
  4.8500e-13   111    2272495284        2542       -10746         -8204 
  9.8500e-13   111    2272495284        2542       -10754         -8212 
  2.3000e-13   111    2272495284        2542       -10780         -8238 
  7.3500e-13   111    2272495284        2542       -10785         -8243 
  4.9000e-13   116    2374602717        2644       -10867         -8223 
  9.9000e-13   118    2450759768        2702       -10888         -8186 
  2.3500e-13   118    2450759768        2702       -10892         -8190 
  7.4000e-13   118    2450759768        2702       -10895         -8193 
  4.9500e-13   119    2402489505        2721       -10926         -8205 
  9.9500e-13   121    2379990234        2769       -10929         -8159 
  2.4000e-13   121    2379990234        2769       -10931         -8162 
  7.4500e-13   121    2379990234        2769       -10934         -8164 
  5.0000e-13   121    2379990234        2769       -10945         -8176 
  1.0000e-12   124    2415051100        2828       -10960         -8133 
  2.4500e-13   124    2415051100        2828       -10960         -8133 
  7.5000e-13   124    2415051100        2828       -10960         -8133 
  2.5000e-13   125    2375078153        2851       -10972         -8121 
