  time (s)              T(t) (K)              P(t) (Pa)           Kinetic En. (n.u.)     Potential En. (n.u.) Total En. (n.u.)
  2.5500e-13    99             0        2255            0          2255 
  5.0500e-13    97             0        2209            0          2209 
  7.5500e-13    96             0        2183            0          2183 
  0.0000e+00    96             0        2183            0          2183 
  2.6000e-13    94             0        2137            0          2137 
  5.1000e-13    84             0        1914            0          1914 
  7.6000e-13    84             0        1914            0          1914 
  5.0000e-15    84             0        1914            0          1914 
  2.6500e-13    80             0        1829            0          1829 
  5.1500e-13    76             0        1739            0          1739 
  1.0000e-14    72             0        1653            0          1653 
  7.6500e-13    68             0        1559            0          1559 
  2.7000e-13    68             0        1559            0          1559 
  5.2000e-13    64             0        1468            0          1468 
  1.5000e-14    62             0        1411            0          1411 
  2.7500e-13    56             0        1277            0          1277 
  7.7000e-13    56             0        1277            0          1277 
  5.2500e-13    54             0        1221            0          1221 
  2.0000e-14    53             0        1200            0          1200 
  2.8000e-13    50             0        1131            0          1131 
  7.7500e-13    50             0        1131            0          1131 
  5.3000e-13    49             0        1119            0          1119 
  2.5000e-14    49             0        1117            0          1117 
  2.8500e-13    50             0        1138            0          1138 
  7.8000e-13    50             0        1138            0          1138 
  5.3500e-13    52             0        1175            0          1175 
  3.0000e-14    52             0        1182            0          1182 
  2.9000e-13    53             0        1213            0          1213 
  7.8500e-13    55             0        1254            0          1254 
  5.4000e-13    56             0        1279            0          1279 
  3.5000e-14    56             0        1279            0          1279 
  2.9500e-13    58             0        1322            0          1322 
  7.9000e-13    59             0        1356            0          1356 
  5.4500e-13    60             0        1369            0          1369 
  4.0000e-14    61             0        1393            0          1393 
  3.0000e-13    62             0        1421            0          1421 
  7.9500e-13    63             0        1439            0          1439 
  5.5000e-13    64             0        1448            0          1448 
  4.5000e-14    64             0        1464            0          1464 
  3.0500e-13    66             0        1495            0          1495 
  8.0000e-13    66             0        1495            0          1495 
  5.5500e-13    66             0        1516            0          1516 
  5.0000e-14    67             0        1527            0          1527 
  3.1000e-13    68             0        1550            0          1550 
  8.0500e-13    68             0        1550            0          1550 
  5.6000e-13    69             0        1569            0          1569 
  5.5000e-14    69             0        1577            0          1577 
  3.1500e-13    70             0        1599            0          1599 
  8.1000e-13    70             0        1599            0          1599 
  5.6500e-13    71             0        1619            0          1619 
  6.0000e-14    71             0        1627            0          1627 
  3.2000e-13    72             0        1649            0          1649 
  8.1500e-13    72             0        1649            0          1649 
  5.7000e-13    74             0        1680            0          1680 
  6.5000e-14    74             0        1680            0          1680 
  3.2500e-13    75             0        1717            0          1717 
  8.2000e-13    75             0        1717            0          1717 
  5.7500e-13    77             0        1757            0          1757 
  7.0000e-14    77             0        1757            0          1757 
  8.2500e-13    79             0        1802            0          1802 
  3.3000e-13    79             0        1802            0          1802 
  7.5000e-14    81             0        1848            0          1848 
  5.8000e-13    81             0        1848            0          1848 
  8.3000e-13    84             0        1909            0          1909 
  3.3500e-13    84             0        1909            0          1909 
  8.0000e-14    87             0        1983            0          1983 
  5.8500e-13    87             0        1983            0          1983 
  8.3500e-13    89             0        2021            0          2021 
  3.4000e-13    93             0        2110            0          2110 
  8.5000e-14    93             0        2110            0          2110 
  5.9000e-13    93             0        2110            0          2110 
  8.4000e-13    94             0        2137            0          2137 
  3.4500e-13    96             0        2192            0          2192 
  5.9500e-13    96             0        2192            0          2192 
  9.0000e-14    96             0        2192            0          2192 
  8.4500e-13    97             0        2216            0          2216 
  3.5000e-13    98             0        2236            0          2236 
  6.0000e-13    99             0        2264            0          2264 
  9.5000e-14    99             0        2264            0          2264 
  8.5000e-13   100             0        2284            0          2284 
  3.5500e-13   101             0        2295            0          2295 
  1.0000e-13   102             0        2321            0          2321 
  6.0500e-13   102             0        2321            0          2321 
  8.5500e-13   103             0        2342            0          2342 
  3.6000e-13   103             0        2349            0          2349 
  1.0500e-13   103             0        2358            0          2358 
  6.1000e-13   104             0        2370            0          2370 
  8.6000e-13   104             0        2378            0          2378 
  3.6500e-13   104             0        2378            0          2378 
  1.1000e-13   105             0        2389            0          2389 
  6.1500e-13   105             0        2396            0          2396 
  8.6500e-13   105             0        2403            0          2403 
  3.7000e-13   105             0        2403            0          2403 
  1.1500e-13   106      76654678        2412            0          2412 
  6.2000e-13   106      76778376        2418            0          2418 
  8.7000e-13   106      76776897        2424            0          2424 
  3.7500e-13   106      76776897        2424            0          2424 
  1.2000e-13   107      76714730        2439            0          2439 
  6.2500e-13   107      76714730        2439            0          2439 
  8.7500e-13   108     163244008        2461            0          2461 
  3.8000e-13   108     163244008        2461            0          2461 
  1.2500e-13   109     163046821        2484            0          2484 
  6.3000e-13   109     163046821        2484            0          2484 
  3.8500e-13   110     162768945        2509            0          2509 
  8.8000e-13   110     162768945        2509            0          2509 
  1.3000e-13   111     162492333        2536            0          2536 
  6.3500e-13   111     162492333        2536            0          2536 
  3.9000e-13   112     161947690        2564            0          2564 
  8.8500e-13   112     161947690        2564            0          2564 
  1.3500e-13   113     161089263        2581            0          2581 
  6.4000e-13   114     162279422        2600            0          2600 
  3.9500e-13   115     161846112        2612            0          2612 
  8.9000e-13   115     161846112        2612            0          2612 
  1.4000e-13   115     237813632        2632            0          2632 
  6.4500e-13   115     237813632        2632            0          2632 
  8.9500e-13   116     236867952        2649            0          2649 
  4.0000e-13   116     236867952        2649            0          2649 
  1.4500e-13   117     236007527        2660            0          2660 
  6.5000e-13   117     236007527        2660            0          2660 
  9.0000e-13   117     234999332        2666            0          2666 
  4.0500e-13   117     234999332        2666            0          2666 
  1.5000e-13   117     365371605        2672            0          2672 
  6.5500e-13   117     365371605        2672            0          2672 
  9.0500e-13   117     502719368        2674            0          2674 
  4.1000e-13   117     502719368        2674            0          2674 
  1.5500e-13   118     696568919        2681            0          2681 
  6.6000e-13   118     696568919        2681            0          2681 
  4.1500e-13   118     924593308        2685            0          2685 
  9.1000e-13   118     924593308        2685            0          2685 
  1.6000e-13   118     916387529        2698            0          2698 
  6.6500e-13   118     916387529        2698            0          2698 
  4.2000e-13   118     989013602        2700            0          2700 
  9.1500e-13   118     989013602        2700            0          2700 
  1.6500e-13   119    1169947374        2711            0          2711 
  6.7000e-13   119    1169947374        2711            0          2711 
  4.2500e-13   119    1164179537        2719            0          2719 
  9.2000e-13   119    1164179537        2719            0          2719 
  1.7000e-13   120    1241001097        2735            0          2735 
  6.7500e-13   120    1241001097        2735            0          2735 
  4.3000e-13   121    1239303053        2766            0          2766 
  9.2500e-13   121    1239303053        2766            0          2766 
  1.7500e-13   121    1239303053        2766            0          2766 
  6.8000e-13   121    1239303053        2766            0          2766 
  4.3500e-13   124    1383595776        2818            0          2818 
  9.3000e-13   124    1383595776        2818            0          2818 
  1.8000e-13   124    1524855189        2838            0          2838 
  6.8500e-13   124    1524855189        2838            0          2838 
  4.4000e-13   124    1614041155        2829            0          2829 
  9.3500e-13   124    1614041155        2829            0          2829 
  1.8500e-13   124    1899710313        2827            0          2827 
  6.9000e-13   124    1899710313        2827            0          2827 
  4.4500e-13   123    2070751287        2798            0          2798 
  9.4000e-13   123    2070751287        2798            0          2798 
  1.9000e-13   122    2201524950        2776            0          2776 
  6.9500e-13   122    2201524950        2776            0          2776 
  4.5000e-13   120    2236647711        2740            0          2740 
  9.4500e-13   120    2236647711        2740            0          2740 
  1.9500e-13   119    2216809822        2714            0          2714 
  7.0000e-13   119    2216809822        2714            0          2714 
  4.5500e-13   118    2253422133        2685            0          2685 
  9.5000e-13   118    2253422133        2685            0          2685 
  2.0000e-13   117    2317624734        2667            0          2667 
  7.0500e-13   117    2317624734        2667            0          2667 
  4.6000e-13   116    2331368533        2647            0          2647 
  9.5500e-13   116    2331368533        2647            0          2647 
  2.0500e-13   116    2334775009        2651            0          2651 
  7.1000e-13   116    2334775009        2651            0          2651 
  4.6500e-13   116    2325477359        2637            0          2637 
  9.6000e-13   116    2325477359        2637            0          2637 
  7.1500e-13   117    2277180547        2668            0          2668 
  2.1000e-13   117    2277180547        2668            0          2668 
  9.6500e-13   122    2266539190        2780            0          2780 
  4.7000e-13   122    2266539190        2780            0          2780 
  7.2000e-13   122    2266539190        2780            0          2780 
  2.1500e-13   122    2266539190        2780            0          2780 
  4.7500e-13   127    2563021612        2897            0          2897 
  9.7000e-13   127    2563021612        2897            0          2897 
  7.2500e-13   129    2525223979        2941            0          2941 
  2.2000e-13   129    2525223979        2941            0          2941 
  4.8000e-13   129    2520642922        2952            0          2952 
  9.7500e-13   129    2520642922        2952            0          2952 
  7.3000e-13   130    2500610846        2966            0          2966 
  2.2500e-13   130    2500610846        2966            0          2966 
  4.8500e-13   129    2555372563        2943            0          2943 
  9.8000e-13   129    2555372563        2943            0          2943 
  7.3500e-13   129    2637705417        2936            0          2936 
  2.3000e-13   129    2637705417        2936            0          2936 
  4.9000e-13   127    2810895265        2894            0          2894 
  9.8500e-13   127    2810895265        2894            0          2894 
  7.4000e-13   126    2804987904        2882            0          2882 
  2.3500e-13   126    2804987904        2882            0          2882 
  4.9500e-13   124    2882060743        2837            0          2837 
  9.9000e-13   124    2882060743        2837            0          2837 
  7.4500e-13   124    2870581404        2823            0          2823 
  2.4000e-13   124    2870581404        2823            0          2823 
  5.0000e-13   122    2878522048        2785            0          2785 
  9.9500e-13   122    2878522048        2785            0          2785 
  7.5000e-13   122    2839276282        2781            0          2781 
  2.4500e-13   122    2839276282        2781            0          2781 
  1.0000e-12   122    2827970324        2782            0          2782 
  2.5000e-13   122    2855230110        2784            0          2784 
